"seq";"sq_candidato";"sg_ue";"nr_candidato";"nm_urna_candidato";"sg_partido";"ds_composicao_coligacao";"ds_situacao";"qt_votos_candidato";"pr_votos_candidato";"cd_eleicao";"sg_abrangencia";"turno";"cd_cargo";"qt_sessoes";"qt_sessoes_t";"qt_sessoes_nt";"qt_sessoes_i";"qt_sessoes_ni";"qt_sessoes_apuradas";"qt_sessoes_nao_apuradas";"qt_eleitores";"qt_eleitores_aptos";"qt_eleitores_nao_aptos";"qt_eleitores_si";"qt_eleitores_sni";"qt_eleitores_compareceram";"qt_abstencoes";"vscv";"qt_votos_nominais";"qt_votos_computados";"qt_votos_brancos";"qt_votos_nulos";"qt_votos_nulos_vn";"qt_votos_nulos_vnt";"qt_votos_vp";"qt_votos_validos";"qt_votos_an";"qt_votos_anulados_sob_judice";"qt_votos_total"
"2";"250001117769";63770;55;"TAKA YAMAUCHI";"PSD";"PSD - PTB / PSD / REDE / MDB";"Não eleito";101231;48,65;427;"MUNICIPAL";"2";"11";807;807;0;807;0;807;0;329171;329171;0;329171;0;233234;95937;"0";208080;208080;7859;17295;17295;0;0;208080;0;0;233234
"1";"250000769687";63770;13;"FILIPPI";"PT";"PT - SOLIDARIEDADE / PL / PT / AVANTE / PATRIOTA";"Eleito";106849;51,35;427;"MUNICIPAL";"2";"11";807;807;0;807;0;807;0;329171;329171;0;329171;0;233234;95937;"0";208080;208080;7859;17295;17295;0;0;208080;0;0;233234
"1";"210000668382";88013;15;"SEBASTIÃO MELO";"MDB";"MDB - MDB / DEM / CIDADANIA / SOLIDARIEDADE / DC / PRTB / PTC";"Eleito";370550;54,63;427;"MUNICIPAL";"2";"11";2629;2629;0;2629;0;2629;0;1082726;1082726;0;1082726;0;728034;354692;"0";678295;678295;20938;28801;28801;0;0;678295;0;0;728034
"2";"210000729170";88013;65;"MANUELA";"PC do B";"PC do B - PC do B / PT";"Não eleito";307745;45,37;427;"MUNICIPAL";"2";"11";2629;2629;0;2629;0;2629;0;1082726;1082726;0;1082726;0;728034;354692;"0";678295;678295;20938;28801;28801;0;0;678295;0;0;728034
"1";"190001254499";58777;40;"RUBENS BOMTEMPO";"PSB";"PSB - PSB / SOLIDARIEDADE / PROS";"Não eleito";64907;55,18;427;"MUNICIPAL";"2";"11";649;649;0;649;0;649;0;240152;240152;0;240152;0;154531;85621;"0";52727;117634;9058;27839;27839;0;0;52727;0;64907;154531
"2";"190001104235";58777;22;"BERNARDO ROSSI";"PL";"PL - PL / PTB / DEM / MDB / DC";"Não eleito";52727;44,82;427;"MUNICIPAL";"2";"11";649;649;0;649;0;649;0;240152;240152;0;240152;0;154531;85621;"0";52727;117634;9058;27839;27839;0;0;52727;0;64907;154531
"2";"250000746936";71072;50;"GUILHERME BOULOS";"PSOL";"PSOL - PCB / PSOL / UP";"Não eleito";2168109;40,62;427;"MUNICIPAL";"2";"11";22399;22399;0;22399;0;22399;0;8986687;8986687;0;8986687;0;6217508;2769179;"0";5337230;5337230;273216;607062;607062;0;0;5337230;0;0;6217508
"1";"250000896546";71072;45;"BRUNO COVAS";"PSDB";"PSDB - PP / MDB / PODE / PSC / PL / CIDADANIA / DEM / PTC / PV / PSDB / PROS";"Eleito";3169121;59,38;427;"MUNICIPAL";"2";"11";22399;22399;0;22399;0;22399;0;8986687;8986687;0;8986687;0;6217508;2769179;"0";5337230;5337230;273216;607062;607062;0;0;5337230;0;0;6217508
"2";"250000769104";66893;40;"ATILA";"PSB";"PSB - PL / PATRIOTA / PC do B / PSB / AVANTE / SOLIDARIEDADE";"Não eleito";88783;49,26;427;"MUNICIPAL";"2";"11";764;764;0;764;0;764;0;306518;306518;0;306518;0;219897;86621;"0";180242;180242;11092;28563;28563;0;0;180242;0;0;219897
"1";"250000831198";66893;13;"MARCELO OLIVEIRA";"PT";"PT";"Eleito";91459;50,74;427;"MUNICIPAL";"2";"11";764;764;0;764;0;764;0;306518;306518;0;306518;0;219897;86621;"0";180242;180242;11092;28563;28563;0;0;180242;0;0;219897
"2";"90001220914";93734;55;"VANDERLAN CARDOSO";"PSD";"PSD - PSD / PTB / PSC / PP / PMN / AVANTE / DEM";"Não eleito";250036;47,4;427;"MUNICIPAL";"2";"11";2667;2667;0;2667;0;2667;0;971221;971221;0;971221;0;614272;356949;"0";527533;527533;26193;60546;60546;0;0;527533;0;0;614272
"1";"90001009823";93734;15;"MAGUITO VILELA";"MDB";"MDB - PMB / PTC / PATRIOTA / MDB / REPUBLICANOS / PC do B / PL**";"Eleito";277497;52,6;427;"MUNICIPAL";"2";"11";2667;2667;0;2667;0;2667;0;971221;971221;0;971221;0;614272;356949;"0";527533;527533;26193;60546;60546;0;0;527533;0;0;614272
"2";"130000640721";47333;40;"WILSON REZATO";"PSB";"PSB - PSB / DEM / PL / PSD / CIDADANIA";"Não eleito";118349;45,02;427;"MUNICIPAL";"2";"11";1096;1096;0;1096;0;1096;0;410339;410339;0;410339;0;290842;119497;"0";262878;262878;7992;19972;19972;0;0;262878;0;0;290842
"1";"130000634014";47333;13;"MARGARIDA SALOMÃO";"PT";"PT - PT / PV";"Eleito";144529;54,98;427;"MUNICIPAL";"2";"11";1096;1096;0;1096;0;1096;0;410339;410339;0;410339;0;290842;119497;"0";262878;262878;7992;19972;19972;0;0;262878;0;0;290842
"1";"210000880543";85995;45;"ADILÓ";"PSDB";"PSDB - PTB / PSC / PSDB / SOLIDARIEDADE / PROS";"Eleito";136590;59,57;427;"MUNICIPAL";"2";"11";875;875;0;875;0;875;0;333696;333696;0;333696;0;249045;84651;"0";229297;229297;6700;13048;13048;0;0;229297;0;0;249045
"2";"210000650670";85995;13;"PEPE VARGAS";"PT";"PT - PT / PC do B / PSOL";"Não eleito";92707;40,43;427;"MUNICIPAL";"2";"11";875;875;0;875;0;875;0;333696;333696;0;333696;0;249045;84651;"0";229297;229297;6700;13048;13048;0;0;229297;0;0;249045
"1";"100000756891";9210;19;"EDUARDO BRAIDE";"PODE";"PODE - PODE / PSD / PMN / PSC / PSDB";"Eleito";270557;55,53;427;"MUNICIPAL";"2";"11";1826;1826;0;1826;0;1826;0;699954;699954;0;699954;0;519050;180904;"0";487222;487222;12179;19649;19649;0;0;487222;0;0;519050
"2";"100000831208";9210;10;"DUARTE";"REPUBLICANOS";"REPUBLICANOS - AVANTE / PL / PTC / REPUBLICANOS / PATRIOTA";"Não eleito";216665;44,47;427;"MUNICIPAL";"2";"11";1826;1826;0;1826;0;1826;0;699954;699954;0;699954;0;519050;180904;"0";487222;487222;12179;19649;19649;0;0;487222;0;0;519050
"2";"50000824378";35157;13;"ZÉ NETO";"PT";"PT - PDT / PT / AVANTE / PP / PC do B";"Não eleito";138073;45,58;427;"MUNICIPAL";"2";"11";881;881;0;881;0;881;0;400549;400549;0;400549;0;325145;75404;"0";302904;302904;5293;16948;16948;0;0;302904;0;0;325145
"1";"50000732481";35157;15;"COLBERT MARTINS";"MDB";"MDB - PSD / DEM / PV / PROS / PSC / MDB / PATRIOTA / PSDB / PL / REDE";"Eleito";164831;54,42;427;"MUNICIPAL";"2";"11";881;881;0;881;0;881;0;400549;400549;0;400549;0;325145;75404;"0";302904;302904;5293;16948;16948;0;0;302904;0;0;325145
"2";"260000637328";31054;23;"DELEGADA DANIELLE";"CIDADANIA";"CIDADANIA - CIDADANIA / PSB / PL / PSDB";"Não eleito";109864;42,14;427;"MUNICIPAL";"2";"11";1041;1041;0;1041;0;1041;0;404901;404901;0;404901;0;292304;112597;"0";260687;260687;8514;23103;23103;0;0;260687;0;0;292304
"1";"260000983413";31054;12;"EDVALDO";"PDT";"PDT - PC do B / PSD / PDT / MDB / PV / PP / PSC / SOLIDARIEDADE / REPUBLICANOS";"Eleito";150823;57,86;427;"MUNICIPAL";"2";"11";1041;1041;0;1041;0;1041;0;404901;404901;0;404901;0;292304;112597;"0";260687;260687;8514;23103;23103;0;0;260687;0;0;292304
"2";"10001154203";1392;40;"SOCORRO NERI";"PSB";"PSB - PSB / PODE / PROS / SOLIDARIEDADE / PDT / PV / DEM / PTC";"Não eleito";61702;37,07;427;"MUNICIPAL";"2";"11";707;707;0;707;0;707;0;256673;256673;0;256673;0;174249;82424;"0";166448;166448;3328;4473;4473;0;0;166448;0;0;174249
"1";"10001003637";1392;11;"TIÃO BOCALOM";"PP";"PP - PSD / PP";"Eleito";104746;62,93;427;"MUNICIPAL";"2";"11";707;707;0;707;0;707;0;256673;256673;0;256673;0;174249;82424;"0";166448;166448;3328;4473;4473;0;0;166448;0;0;174249
"1";"220001051415";35;45;"HILDON CHAVES";"PSDB";"PSDB - PSD / PL / PSDB / DEM";"Eleito";109992;54,45;427;"MUNICIPAL";"2";"11";842;842;0;842;0;842;0;333031;333031;0;333031;0;219205;113826;"0";202007;202007;5845;11353;11353;0;0;202007;0;0;219205
"2";"220001172317";35;11;"CRISTIANE LOPES";"PP";"PP - PP / PROS";"Não eleito";92015;45,55;427;"MUNICIPAL";"2";"11";842;842;0;842;0;842;0;333031;333031;0;333031;0;219205;113826;"0";202007;202007;5845;11353;11353;0;0;202007;0;0;219205
"1";"250000678328";71579;19;"APRIGIO";"PODE";"PODE - PODE / PSD / PSC / PATRIOTA";"Eleito";67853;50,63;427;"MUNICIPAL";"2";"11";536;536;0;536;0;536;0;217479;217479;0;217479;0;153524;63955;"0";134011;134011;6625;12888;12888;0;0;134011;0;0;153524
"2";"250000673436";71579;45;"ENGENHEIRO DANIEL";"PSDB";"PSDB - REPUBLICANOS / PTB / REDE / DC / PMB / PSDB";"Não eleito";66158;49,37;427;"MUNICIPAL";"2";"11";536;536;0;536;0;536;0;217479;217479;0;217479;0;153524;63955;"0";134011;134011;6625;12888;12888;0;0;134011;0;0;153524
"2";"180000652870";12190;45;"KLEBER MONTEZUMA";"PSDB";"PSDB - PSDB / PP / PSL / AVANTE / PDT / DEM / PMB / PV / PODE";"Não eleito";142941;37,69;427;"MUNICIPAL";"2";"11";1501;1501;0;1501;0;1501;0;558661;558661;0;558661;0;420177;138484;"0";379280;379280;12094;28803;28803;0;0;379280;0;0;420177
"1";"180001033351";12190;15;"DR PESSOA";"MDB";"MDB - PRTB / MDB / PSB";"Eleito";236339;62,31;427;"MUNICIPAL";"2";"11";1501;1501;0;1501;0;1501;0;558661;558661;0;558661;0;420177;138484;"0";379280;379280;12094;28803;28803;0;0;379280;0;0;420177
"1";"250001117852";71838;15;"SAUD";"MDB";"MDB - REPUBLICANOS / PMB / MDB / PV / PROS / PATRIOTA";"Eleito";92770;65,01;427;"MUNICIPAL";"2";"11";602;602;0;602;0;602;0;229200;229200;0;229200;0;156827;72373;"0";142712;142712;4997;9118;9118;0;0;142712;0;0;156827
"2";"250000957564";71838;23;"LORENY";"CIDADANIA";"CIDADANIA - CIDADANIA / SOLIDARIEDADE / PSB";"Não eleito";49942;34,99;427;"MUNICIPAL";"2";"11";602;602;0;602;0;602;0;229200;229200;0;229200;0;156827;72373;"0";142712;142712;4997;9118;9118;0;0;142712;0;0;156827
"1";"190000637911";58971;70;"CAPITÃO NELSON";"AVANTE";"AVANTE - AVANTE / PL / PSDB";"Eleito";189719;50,79;427;"MUNICIPAL";"2";"11";1814;1814;0;1814;0;1814;0;663833;663833;0;663833;0;440481;223352;"0";373530;373530;18179;48772;48772;0;0;373530;0;0;440481
"2";"190000857139";58971;13;"DIMAS GADELHA";"PT";"PT - PT / PDT / REDE / PROS / PODE";"Não eleito";183811;49,21;427;"MUNICIPAL";"2";"11";1814;1814;0;1814;0;1814;0;663833;663833;0;663833;0;440481;223352;"0";373530;373530;18179;48772;48772;0;0;373530;0;0;440481
"2";"190001131229";58190;12;"CAIO VIANNA";"PDT";"PDT - PDT / PL / PSL / DC / PATRIOTA";"Não eleito";110094;47,6;427;"MUNICIPAL";"2";"11";1003;1003;0;1003;0;1003;0;360626;360626;0;360626;0;251110;109516;"0";110094;231268;5419;14423;14423;0;0;110094;0;121174;251110
"1";"190001009042";58190;55;"WLADIMIR GAROTINHO";"PSD";"PSD - PRTB / PP / MDB / PSD / PROS / PODE / PSC";"Não eleito";121174;52,4;427;"MUNICIPAL";"2";"11";1003;1003;0;1003;0;1003;0;360626;360626;0;360626;0;251110;109516;"0";110094;231268;5419;14423;14423;0;0;110094;0;121174;251110
"2";"250001098970";69698;40;"SUELY VILELA";"PSB";"PSB - PSD / PODE / SOLIDARIEDADE / PSB / CIDADANIA";"Não eleito";90065;36,84;427;"MUNICIPAL";"2";"11";1130;1130;0;1130;0;1130;0;441845;441845;0;441845;0;284505;157340;"0";244493;244493;10962;29050;29050;0;0;244493;0;0;284505
"1";"250000674980";69698;45;"DUARTE NOGUEIRA";"PSDB";"PSDB - PP / REPUBLICANOS / PSDB / DEM / PTB / PSC / PL";"Eleito";154428;63,16;427;"MUNICIPAL";"2";"11";1130;1130;0;1130;0;1130;0;441845;441845;0;441845;0;284505;157340;"0";244493;244493;10962;29050;29050;0;0;244493;0;0;284505
"2";"80001072803";57053;13;"JOAO COSER";"PT";"PT";"Não eleito";72684;41,5;427;"MUNICIPAL";"2";"11";638;638;0;638;0;638;0;251464;251464;0;251464;0;185724;65740;"0";175150;175150;4484;6090;6090;0;0;175150;0;0;185724
"1";"80001188308";57053;10;"DELEGADO PAZOLINI";"REPUBLICANOS";"REPUBLICANOS - MDB** / REPUBLICANOS / DEM / PTC / SOLIDARIEDADE";"Eleito";102466;58,5;427;"MUNICIPAL";"2";"11";638;638;0;638;0;638;0;251464;251464;0;251464;0;185724;65740;"0";175150;175150;4484;6090;6090;0;0;175150;0;0;185724
"2";"240000641609";80470;25;"JOÃO PAULO KLEINUBING";"DEM";"DEM - PP / DEM / PSD";"Não eleito";42026;27,9;427;"MUNICIPAL";"2";"11";604;604;0;604;0;604;0;247014;247014;0;247014;0;170333;76681;"0";150617;150617;6226;13490;13490;0;0;150617;0;0;170333
"1";"240000755895";80470;19;"MÁRIO HILDEBRANDT";"PODE";"PODE - PSDB / MDB / REPUBLICANOS / SOLIDARIEDADE / PODE";"Eleito";108591;72,1;427;"MUNICIPAL";"2";"11";604;604;0;604;0;604;0;247014;247014;0;247014;0;170333;76681;"0";150617;150617;6226;13490;13490;0;0;150617;0;0;170333
"1";"240000665004";81795;30;"ADRIANO SILVA";"NOVO";"NOVO";"Eleito";145269;55,43;427;"MUNICIPAL";"2";"11";999;999;0;999;0;999;0;403526;403526;0;403526;0;289069;114457;"0";262062;262062;8328;18679;18679;0;0;262062;0;0;289069
"2";"240001144430";81795;55;"DARCI DE MATOS";"PSD";"PSD - PSD / PL / PSDB / PP";"Não eleito";116793;44,57;427;"MUNICIPAL";"2";"11";999;999;0;999;0;999;0;403526;403526;0;403526;0;289069;114457;"0";262062;262062;8328;18679;18679;0;0;262062;0;0;289069
"1";"250000753044";62910;10;"DARIO SAADI";"REPUBLICANOS";"REPUBLICANOS - DEM / MDB / REPUBLICANOS / PSB / PSL";"Eleito";222030;57,07;427;"MUNICIPAL";"2";"11";2199;2199;0;2199;0;2199;0;843433;843433;0;843433;0;546136;297297;"0";389025;389025;45524;111587;111587;0;0;389025;0;0;546136
"2";"250000869099";62910;22;"RAFA ZIMBALDI";"PL";"PL - SOLIDARIEDADE / PSC / PP / PSDB / PROS / PL / PODE / AVANTE";"Não eleito";166995;42,93;427;"MUNICIPAL";"2";"11";2199;2199;0;2199;0;2199;0;843433;843433;0;843433;0;546136;297297;"0";389025;389025;45524;111587;111587;0;0;389025;0;0;546136
"2";"40000793782";2550;19;"AMAZONINO MENDES";"PODE";"PODE - PSL / CIDADANIA / PODE / MDB";"Não eleito";443747;48,73;427;"MUNICIPAL";"2";"11";3371;3371;0;3371;0;3371;0;1331613;1331613;0;1331613;0;1032901;298712;"0";910717;910717;43232;78952;78952;0;0;910717;0;0;1032901
"1";"40000868846";2550;70;"DAVID ALMEIDA";"AVANTE";"AVANTE - AVANTE / PMB / PTC / PRTB / PV / DEM / PROS";"Eleito";466970;51,27;427;"MUNICIPAL";"2";"11";3371;3371;0;3371;0;3371;0;1331613;1331613;0;1331613;0;1032901;298712;"0";910717;910717;43232;78952;78952;0;0;910717;0;0;1032901
"2";"60000653316";13897;90;"CAPITÃO WAGNER";"PROS";"PROS - PROS / REPUBLICANOS / PODE / PSC / PMB / PMN / PTC / DC / AVANTE";"Não eleito";624892;48,31;427;"MUNICIPAL";"2";"11";4573;4573;0;4573;0;4573;0;1821382;1821382;0;1821382;0;1406423;414959;"0";1293544;1293544;35081;77798;77798;0;0;1293544;0;0;1406423
"1";"60000684211";13897;12;"SARTO";"PDT";"PDT - PP / PDT / PTB / PL / PSB / DEM / PSD / CIDADANIA / REDE / PSDB";"Eleito";668652;51,69;427;"MUNICIPAL";"2";"11";4573;4573;0;4573;0;4573;0;1821382;1821382;0;1821382;0;1406423;414959;"0";1293544;1293544;35081;77798;77798;0;0;1293544;0;0;1406423
"1";"60000718891";13730;90;"VITOR VALIM";"PROS";"PROS - PTC / PROS / REPUBLICANOS / PSC / PL";"Eleito";83588;51,08;427;"MUNICIPAL";"2";"11";590;590;0;590;0;590;0;222128;222128;0;222128;0;180763;41365;"0";163633;163633;5278;11852;11852;0;0;163633;0;0;180763
"2";"60001074114";13730;55;"NAUMI AMORIM";"PSD";"PSD - PTB / AVANTE / DEM / PSD / PSL / DC / PDT / SOLIDARIEDADE";"Não eleito";80045;48,92;427;"MUNICIPAL";"2";"11";590;590;0;590;0;590;0;222128;222128;0;222128;0;180763;41365;"0";163633;163633;5278;11852;11852;0;0;163633;0;0;180763
"2";"130001244953";43710;25;"FELIPE SALIBA";"DEM";"DEM - SOLIDARIEDADE** / PODE / DEM / PSD / PP / PROS";"Não eleito";139987;48,65;427;"MUNICIPAL";"2";"11";1204;1204;0;1204;0;1204;0;427575;427575;0;427575;0;329489;98086;"0";287755;287755;12974;28760;28760;0;0;287755;0;0;329489
"1";"130000868914";43710;13;"MARÍLIA";"PT";"PT - PSB / PT / MDB / PC do B";"Eleito";147768;51,35;427;"MUNICIPAL";"2";"11";1204;1204;0;1204;0;1204;0;427575;427575;0;427575;0;329489;98086;"0";287755;287755;12974;28760;28760;0;0;287755;0;0;329489
"2";"160000858805";77771;20;"MABEL CANTO";"PSC";"PSC - PODE / PSC / PSB / CIDADANIA / PDT / PP";"Não eleito";79929;47,62;427;"MUNICIPAL";"2";"11";610;610;0;610;0;610;0;239611;239611;0;239611;0;179956;59655;"0";167861;167861;4439;7656;7656;0;0;167861;0;0;179956
"1";"160000951969";77771;55;"PROFESSORA ELIZABETH";"PSD";"PSD - PV / AVANTE / PSDB / PSD";"Eleito";87932;52,38;427;"MUNICIPAL";"2";"11";610;610;0;610;0;610;0;239611;239611;0;239611;0;179956;59655;"0";167861;167861;4439;7656;7656;0;0;167861;0;0;179956
"2";"250000663708";64777;13;"ELÓI PIETÁ";"PT";"PT - PT / REDE / SOLIDARIEDADE";"Não eleito";238463;42,17;427;"MUNICIPAL";"2";"11";2244;2244;0;2244;0;2244;0;872880;872880;0;872880;0;665032;207848;"0";565485;565485;29126;70421;70421;0;0;565485;0;0;665032
"1";"250001156020";64777;55;"GUTI";"PSD";"PSD - CIDADANIA / REPUBLICANOS / MDB / PODE / PSC / PTC / PSB / PSD / PATRIOTA";"Eleito";327022;57,83;427;"MUNICIPAL";"2";"11";2244;2244;0;2244;0;2244;0;872880;872880;0;872880;0;665032;207848;"0";565485;565485;29126;70421;70421;0;0;565485;0;0;665032
"2";"190000684240";60011;10;"CRIVELLA";"REPUBLICANOS";"REPUBLICANOS - PODE / PTC / PMN / PRTB / REPUBLICANOS / PP / PATRIOTA / SOLIDARIEDADE";"Não eleito";913700;35,93;427;"MUNICIPAL";"2";"11";11467;11467;0;11467;0;11467;0;4851887;4851887;0;4851887;0;3131733;1720154;"0";2543019;2543019;157610;431104;431104;0;0;2543019;0;0;3131733
"1";"190000688286";60011;25;"EDUARDO PAES";"DEM";"DEM - CIDADANIA / DC / PV / AVANTE / PL / DEM / PSDB";"Eleito";1629319;64,07;427;"MUNICIPAL";"2";"11";11467;11467;0;11467;0;11467;0;4851887;4851887;0;4851887;0;3131733;1720154;"0";2543019;2543019;157610;431104;431104;0;0;2543019;0;0;3131733
"2";"90000801738";92215;13;"ANTONIO GOMIDE";"PT";"PT - PT / PC do B / PMB";"Não eleito";64046;38,72;427;"MUNICIPAL";"2";"11";743;743;0;743;0;743;0;269556;269556;0;269556;0;180833;88723;"0";165395;165395;4928;10510;10510;0;0;165395;0;0;180833
"1";"90000687807";92215;11;"ROBERTO NAVES";"PP";"PP - PODE / PSC / CIDADANIA / PP / DEM / PDT / PL / DC / PMN / PSB / PV / SOLIDARIEDADE / AVANTE";"Eleito";101349;61,28;427;"MUNICIPAL";"2";"11";743;743;0;743;0;743;0;269556;269556;0;269556;0;180833;88723;"0";165395;165395;4928;10510;10510;0;0;165395;0;0;180833
"2";"80001001602";56251;13;"CELIA TAVARES";"PT";"PT - PT / SOLIDARIEDADE";"Não eleito";67111;41,31;427;"MUNICIPAL";"2";"11";660;660;0;660;0;660;0;262414;262414;0;262414;0;183873;78541;"0";162467;162467;9789;11617;11617;0;0;162467;0;0;183873
"1";"80000981710";56251;25;"EUCLERIO SAMPAIO";"DEM";"DEM - DEM / PMN / AVANTE / CIDADANIA / REPUBLICANOS / PODE";"Eleito";95356;58,69;427;"MUNICIPAL";"2";"11";660;660;0;660;0;660;0;262414;262414;0;262414;0;183873;78541;"0";162467;162467;9789;11617;11617;0;0;162467;0;0;183873
"1";"250000733762";62197;51;"SUÉLLEN ROSIM";"PATRIOTA";"PATRIOTA";"Eleito";89725;55,98;427;"MUNICIPAL";"2";"11";694;694;0;694;0;694;0;270749;270749;0;270749;0;184113;86636;"0";160283;160283;7457;16373;16373;0;0;160283;0;0;184113
"2";"250001180711";62197;25;"DR RAUL";"DEM";"DEM - DEM / PSL / PP / MDB";"Não eleito";70558;44,02;427;"MUNICIPAL";"2";"11";694;694;0;694;0;694;0;270749;270749;0;270749;0;184113;86636;"0";160283;160283;7457;16373;16373;0;0;160283;0;0;184113
"2";"210000773335";85898;14;"LUIZ CARLOS BUSATO";"PTB";"PTB - PL / PDT / REDE / PTB / MDB / DEM";"Não eleito";72649;46,94;427;"MUNICIPAL";"2";"11";651;651;0;651;0;651;0;250704;250704;0;250704;0;171316;79388;"0";154786;154786;6602;9928;9928;0;0;154786;0;0;171316
"1";"210000636683";85898;55;"JAIRO JORGE";"PSD";"PSD - PSD / SOLIDARIEDADE / AVANTE / PV / PSB / PODE / PATRIOTA";"Eleito";82137;53,06;427;"MUNICIPAL";"2";"11";651;651;0;651;0;651;0;250704;250704;0;250704;0;171316;79388;"0";154786;154786;6602;9928;9928;0;0;154786;0;0;171316
"1";"80000713125";57037;19;"ARNALDINHO BORGO";"PODE";"PODE - PTC / SOLIDARIEDADE / PODE";"Eleito";138741;69,03;427;"MUNICIPAL";"2";"11";790;790;0;790;0;790;0;315224;315224;0;315224;0;224579;90645;"0";200977;200977;9809;13793;13793;0;0;200977;0;0;224579
"2";"80001132231";57037;45;"MAX FILHO";"PSDB";"PSDB - PSDB / PP / DC / PSB / DEM / PSC";"Não eleito";62236;30,97;427;"MUNICIPAL";"2";"11";790;790;0;790;0;790;0;315224;315224;0;315224;0;224579;90645;"0";200977;200977;9809;13793;13793;0;0;200977;0;0;224579
"1";"250000646894";68756;25;"LUCIANO ALMEIDA";"DEM";"DEM";"Eleito";85081;54,2;427;"MUNICIPAL";"2";"11";763;763;0;763;0;763;0;290998;290998;0;290998;0;190804;100194;"0";85081;156978;11931;21895;21895;0;0;85081;0;71897;190804
"2";"250000764875";68756;45;"BARJAS NEGRI";"PSDB";"PSDB - PP / PSC / SOLIDARIEDADE / PSDB / CIDADANIA / PODE / MDB / PSD / REPUBLICANOS / PTB";"Não eleito";71897;45,8;427;"MUNICIPAL";"2";"11";763;763;0;763;0;763;0;290998;290998;0;290998;0;190804;100194;"0";85081;156978;11931;21895;21895;0;0;85081;0;71897;190804
"2";"190000775861";59013;20;"LEO VIEIRA";"PSC";"PSC - SOLIDARIEDADE / PMN / PSC";"Não eleito";92788;43,17;427;"MUNICIPAL";"2";"11";986;986;0;986;0;986;0;376989;376989;0;376989;0;256496;120493;"0";214939;214939;10809;30748;30748;0;0;214939;0;0;256496
"1";"190000640057";59013;25;"DR JOÃO";"DEM";"DEM - PP / PDT / PODE** / PL / DEM / PTC / PV / PSDB / PATRIOTA / MDB / PSB";"Eleito";122151;56,83;427;"MUNICIPAL";"2";"11";986;986;0;986;0;986;0;376989;376989;0;376989;0;256496;120493;"0";214939;214939;10809;30748;30748;0;0;214939;0;0;256496
"2";"250001119403";71218;45;"SOLANGE FREITAS";"PSDB";"PSDB";"Não eleito";70526;43,7;427;"MUNICIPAL";"2";"11";659;659;0;659;0;659;0;252146;252146;0;252146;0;171684;80462;"0";161402;161402;3342;6940;6940;0;0;161402;0;0;171684
"1";"250000665261";71218;19;"KAYO AMADO";"PODE";"PODE - PODE / DEM / AVANTE";"Eleito";90876;56,3;427;"MUNICIPAL";"2";"11";659;659;0;659;0;659;0;252146;252146;0;252146;0;171684;80462;"0";161402;161402;3342;6940;6940;0;0;161402;0;0;171684
"2";"170000701230";25313;13;"MARILIA ARRAES";"PT";"PT - PSOL / PTC / PMB / PT";"Não eleito";348126;43,73;427;"MUNICIPAL";"2";"11";2863;2863;0;2863;0;2863;0;1157324;1157324;0;1157324;0;911314;246010;"0";796039;796039;31717;83558;83558;0;0;796039;0;0;911314
"1";"170000688433";25313;40;"JOÃO CAMPOS";"PSB";"PSB - MDB / REDE / PC do B / SOLIDARIEDADE / PROS / PV / AVANTE / REPUBLICANOS / PP / PDT / PSD / PSB";"Eleito";447913;56,27;427;"MUNICIPAL";"2";"11";2863;2863;0;2863;0;2863;0;1157324;1157324;0;1157324;0;911314;246010;"0";796039;796039;31717;83558;83558;0;0;796039;0;0;911314
"2";"230000840534";3018;77;"OTTACI";"SOLIDARIEDADE";"SOLIDARIEDADE - SOLIDARIEDADE / PATRIOTA / PT / PSC / PSB / PTC / PRTB / PROS / DC / CIDADANIA / PTB";"Não eleito";20032;14,64;427;"MUNICIPAL";"2";"11";657;657;0;657;0;657;0;217477;217477;0;217477;0;149223;68254;"0";136824;136824;4566;7833;7833;0;0;136824;0;0;149223
"1";"230000679861";3018;15;"ARTHUR HENRIQUE";"MDB";"MDB - MDB / PMB / AVANTE";"Eleito";116792;85,36;427;"MUNICIPAL";"2";"11";657;657;0;657;0;657;0;217477;217477;0;217477;0;149223;68254;"0";136824;136824;4566;7833;7833;0;0;136824;0;0;149223
"1";"150000976695";20516;11;"CICERO LUCENA";"PP";"PP - PP / PTB / REPUBLICANOS / PTC / PMN / AVANTE / PRTB / CIDADANIA / PMB";"Eleito";185055;53,16;427;"MUNICIPAL";"2";"11";1226;1226;0;1226;0;1226;0;522269;522269;0;522269;0;400352;121917;"0";348085;348085;15164;37103;37103;0;0;348085;0;0;400352
"2";"150000719200";20516;15;"NILVAN FERREIRA";"MDB";"MDB";"Não eleito";163030;46,84;427;"MUNICIPAL";"2";"11";1226;1226;0;1226;0;1226;0;522269;522269;0;522269;0;400352;121917;"0";348085;348085;15164;37103;37103;0;0;348085;0;0;400352
"1";"130001037220";54011;77;"ELISA ARAÚJO";"SOLIDARIEDADE";"SOLIDARIEDADE";"Eleito";85990;57,36;427;"MUNICIPAL";"2";"11";656;656;0;656;0;656;0;225412;225412;0;225412;0;161867;63545;"0";149922;149922;3473;8472;8472;0;0;149922;0;0;161867
"2";"130000773401";54011;14;"TONY CARLOS";"PTB";"PTB - REDE / PSDB / PMN / PTB / DC / REPUBLICANOS / PROS / PL";"Não eleito";63932;42,64;427;"MUNICIPAL";"2";"11";656;656;0;656;0;656;0;225412;225412;0;225412;0;161867;63545;"0";149922;149922;3473;8472;8472;0;0;149922;0;0;161867
"2";"130001168801";45535;20;"DR LUCIANO";"PSC";"PSC - CIDADANIA / PROS / PSC";"Não eleito";52515;42,26;427;"MUNICIPAL";"2";"11";590;590;0;590;0;590;0;213886;213886;0;213886;0;137715;76171;"0";124279;124279;5038;8398;8398;0;0;124279;0;0;137715
"1";"130000883935";45535;45;"ANDRE MERLO";"PSDB";"PSDB - PDT / PSDB / MDB / PODE / DEM / PTC / PV";"Eleito";71764;57,74;427;"MUNICIPAL";"2";"11";590;590;0;590;0;590;0;213886;213886;0;213886;0;137715;76171;"0";124279;124279;5038;8398;8398;0;0;124279;0;0;137715
"2";"210001233238";87912;13;"IVAN DUARTE";"PT";"PT";"Não eleito";47941;31,3;427;"MUNICIPAL";"2";"11";628;628;0;628;0;628;0;240948;240948;0;240948;0;170162;70786;"0";153147;153147;7213;9802;9802;0;0;153147;0;0;170162
"1";"210001240622";87912;45;"PAULA MASCARENHAS";"PSDB";"PSDB - DC / PSL / PTB / PL / PSDB / SOLIDARIEDADE / PSD / REPUBLICANOS";"Eleito";105206;68,7;427;"MUNICIPAL";"2";"11";628;628;0;628;0;628;0;240948;240948;0;240948;0;170162;70786;"0";153147;153147;7213;9802;9802;0;0;153147;0;0;170162
"2";"140001124992";5355;13;"MARIA";"PT";"PT - PT / PSB / PC do B / PP / PROS / REDE";"Não eleito";63869;40,78;427;"MUNICIPAL";"2";"11";754;754;0;754;0;754;0;221537;221537;0;221537;0;164204;57333;"0";156601;156601;2748;4855;4855;0;0;156601;0;0;164204
"1";"140001124785";5355;25;"NÉLIO AGUIAR";"DEM";"DEM - REPUBLICANOS / PTB / CIDADANIA / PMB / PSD / AVANTE / PODE / PL / SOLIDARIEDADE / DEM / MDB";"Eleito";92732;59,22;427;"MUNICIPAL";"2";"11";754;754;0;754;0;754;0;221537;221537;0;221537;0;164204;57333;"0";156601;156601;2748;4855;4855;0;0;156601;0;0;164204
"2";"80000841104";56995;18;"FABIO";"REDE";"REDE - PMN / REDE / PATRIOTA / PODE";"Não eleito";91931;45,1;427;"MUNICIPAL";"2";"11";814;814;0;814;0;814;0;327670;327670;0;327670;0;223144;104526;"0";203851;203851;8112;11181;11181;0;0;203851;0;0;223144
"1";"80001189870";56995;12;"SERGIO VIDIGAL";"PDT";"PDT - PSD / PDT / SOLIDARIEDADE / PSL / CIDADANIA";"Eleito";111920;54,9;427;"MUNICIPAL";"2";"11";814;814;0;814;0;814;0;327670;327670;0;327670;0;223144;104526;"0";203851;203851;8112;11181;11181;0;0;203851;0;0;223144
"1";"250000736315";71455;10;"RODRIGO MANGA";"REPUBLICANOS";"REPUBLICANOS - PL / PROS / REPUBLICANOS / PP / PRTB / PSD / PTC / PTB";"Eleito";153228;52,58;427;"MUNICIPAL";"2";"11";1311;1311;0;1311;0;1311;0;485962;485962;0;485962;0;347050;138912;"0";291429;291429;16069;39552;39552;0;0;291429;0;0;347050
"2";"250000936020";71455;17;"JAQUELINE COUTINHO";"PSL";"PSL - MDB / PSL / PSC / PSB / PATRIOTA";"Não eleito";138201;47,42;427;"MUNICIPAL";"2";"11";1311;1311;0;1311;0;1311;0;485962;485962;0;485962;0;347050;138912;"0";291429;291429;16069;39552;39552;0;0;291429;0;0;347050
"2";"250000815743";66397;19;"MURILO FELIX";"PODE";"PODE - AVANTE / PODE / PSL / PDT";"Não eleito";60056;45,12;427;"MUNICIPAL";"2";"11";576;576;0;576;0;576;0;226627;226627;0;226627;0;156895;69732;"0";133098;133098;7982;15815;15815;0;0;133098;0;0;156895
"1";"250000815741";66397;55;"MARIO BOTION";"PSD";"PSD - PSD / PL / PSC / PV / PROS / PMB";"Eleito";73042;54,88;427;"MUNICIPAL";"2";"11";576;576;0;576;0;576;0;226627;226627;0;226627;0;156895;69732;"0";133098;133098;7982;15815;15815;0;0;133098;0;0;156895
"1";"210001143104";88412;45;"POZZOBOM";"PSDB";"PSDB - PTC / DEM / PTB / PODE / PSDB / PSL";"Eleito";71927;57,29;427;"MUNICIPAL";"2";"11";541;541;0;541;0;541;0;204282;204282;0;204282;0;140266;64016;"0";125543;125543;6788;7935;7935;0;0;125543;0;0;140266
"2";"210000781589";88412;11;"SERGIO CECCHIN";"PP";"PP - PROS / PP / PRTB / SOLIDARIEDADE / PL / PATRIOTA / AVANTE / MDB";"Não eleito";53616;42,71;427;"MUNICIPAL";"2";"11";541;541;0;541;0;541;0;204282;204282;0;204282;0;140266;64016;"0";125543;125543;6788;7935;7935;0;0;125543;0;0;140266
"1";"170000818682";25135;15;"YVES RIBEIRO";"MDB";"MDB - REDE / MDB / PV";"Eleito";83858;57,52;427;"MUNICIPAL";"2";"11";546;546;0;546;0;546;0;216859;216859;0;216859;0;169732;47127;"0";145789;145789;7053;16890;16890;0;0;145789;0;0;169732
"2";"170000718292";25135;40;"FRANCISCO PADILHA";"PSB";"PSB - PMB** / PMN / PATRIOTA / PTC / PSL / PT / PL / PSB / PROS / PSC / CIDADANIA / PC do B / DC";"Não eleito";61931;42,48;427;"MUNICIPAL";"2";"11";546;546;0;546;0;546;0;216859;216859;0;216859;0;169732;47127;"0";145789;145789;7053;16890;16890;0;0;145789;0;0;169732
"1";"250000780243";67130;19;"CAIO CUNHA";"PODE";"PODE - PTB / PODE / SOLIDARIEDADE";"Eleito";114656;58,39;427;"MUNICIPAL";"2";"11";824;824;0;824;0;824;0;319826;319826;0;319826;0;220456;99370;"0";196370;196370;8348;15738;15738;0;0;196370;0;0;220456
"2";"250000720963";67130;45;"MARCUS MELO";"PSDB";"PSDB - PSL / PV / DEM / PSDB / MDB / REPUBLICANOS / PP / AVANTE / PSB / PC do B / PL / REDE / PSC / CIDADANIA / PSD";"Não eleito";81714;41,61;427;"MUNICIPAL";"2";"11";824;824;0;824;0;824;0;319826;319826;0;319826;0;220456;99370;"0";196370;196370;8348;15738;15738;0;0;196370;0;0;220456
"1";"250000746140";64254;15;"ALEXANDRE FERREIRA";"MDB";"MDB - MDB / PSC / PRTB / PMN / AVANTE / PATRIOTA / SOLIDARIEDADE";"Eleito";76339;57,62;427;"MUNICIPAL";"2";"11";616;616;0;616;0;616;0;238124;238124;0;238124;0;159702;78422;"0";132490;132490;11450;15762;15762;0;0;132490;0;0;159702
"2";"250000649117";64254;55;"FLÁVIA LANCHA";"PSD";"PSD - PSD / PSB";"Não eleito";56151;42,38;427;"MUNICIPAL";"2";"11";616;616;0;616;0;616;0;238124;238124;0;238124;0;159702;78422;"0";132490;132490;11450;15762;15762;0;0;132490;0;0;159702
"2";"140001196861";4278;51;"DELEGADO FEDERAL EGUCHI";"PATRIOTA";"PATRIOTA";"Não eleito";364095;48,24;427;"MUNICIPAL";"2";"11";2562;2562;0;2562;0;2562;0;1009731;1009731;0;1009731;0;800010;209721;"0";754818;754818;15897;29295;29295;0;0;754818;0;0;800010
"1";"140000744291";4278;50;"EDMILSON RODRIGUES";"PSOL";"PSOL - PT / REDE / UP / PC do B / PSOL / PDT";"Eleito";390723;51,76;427;"MUNICIPAL";"2";"11";2562;2562;0;2562;0;2562;0;1009731;1009731;0;1009731;0;800010;209721;"0";754818;754818;15897;29295;29295;0;0;754818;0;0;800010
"1";"20000842791";27855;40;"JHC";"PSB";"PSB - PSB / PDT / PSDB";"Eleito";222147;58,64;427;"MUNICIPAL";"2";"11";1418;1418;0;1418;0;1418;0;592388;592388;0;592388;0;427649;164739;"0";378851;378851;12706;36092;36092;0;0;378851;0;0;427649
"2";"20000774385";27855;15;"ALFREDO GASPAR DE MENDONÇA";"MDB";"MDB - PL / AVANTE / MDB / PRTB / PSC / PTC / PV / PSD / PODE";"Não eleito";156704;41,36;427;"MUNICIPAL";"2";"11";1418;1418;0;1418;0;1418;0;592388;592388;0;592388;0;427649;164739;"0";378851;378851;12706;36092;36092;0;0;378851;0;0;427649
"2";"250000867103";69213;17;"DANILO MORGADO";"PSL";"PSL - PSC / PSL";"Não eleito";65780;46,48;427;"MUNICIPAL";"2";"11";587;587;0;587;0;587;0;226260;226260;0;226260;0;152330;73930;"0";141519;141519;3608;7203;7203;0;0;141519;0;0;152330
"1";"250000663009";69213;45;"RAQUEL CHINI";"PSDB";"PSDB - PSDB / MDB / CIDADANIA / DEM / SOLIDARIEDADE / PTB / PMB";"Eleito";75739;53,52;427;"MUNICIPAL";"2";"11";587;587;0;587;0;587;0;226260;226260;0;226260;0;152330;73930;"0";141519;141519;3608;7203;7203;0;0;141519;0;0;152330
"2";"50001198114";39659;13;"ZÉ RAIMUNDO";"PT";"PT - PT / PC do B / PSB / PL / PDT";"Não eleito";82942;46;427;"MUNICIPAL";"2";"11";532;532;0;532;0;532;0;231176;231176;0;231176;0;189182;41994;"0";180306;180306;2367;6509;6509;0;0;180306;0;0;189182
"1";"50000925547";39659;15;"HERZEM GUSMÃO";"MDB";"MDB - REPUBLICANOS / PTB / MDB / PODE / PMB / PSDB / DEM";"Eleito";97364;54;427;"MUNICIPAL";"2";"11";532;532;0;532;0;532;0;231176;231176;0;231176;0;189182;41994;"0";180306;180306;2367;6509;6509;0;0;180306;0;0;189182
"2";"110000825567";90670;19;"ABILIO";"PODE";"PODE - CIDADANIA / PSC / PODE";"Não eleito";129777;48,85;427;"MUNICIPAL";"2";"11";1109;1109;0;1109;0;1109;0;378097;378097;0;378097;0;284352;93745;"0";265648;265648;6325;12379;12379;0;0;265648;0;0;284352
"1";"110001046015";90670;15;"EMANUEL PINHEIRO";"MDB";"MDB - PMB / PTC / SOLIDARIEDADE / PV / REPUBLICANOS / PL / PSDB / MDB / PTB / PP / PC do B";"Eleito";135871;51,15;427;"MUNICIPAL";"2";"11";1109;1109;0;1109;0;1109;0;378097;378097;0;378097;0;284352;93745;"0";265648;265648;6325;12379;12379;0;0;265648;0;0;284352
